MOVE 0 -1.75 -0.13 -0.170 0.0 0.0 0.0
HOLD 5.0
MOVE 0 -1.75 -0.13 -0.47 0.0 0.0 0.0
HOLD 50.0
CLOSE_GRIPPER
CHANGE_BUOYANCY 1.00 -0.15 1
MOVE 0 -2.25 -0.13 -0.42 0.0 0.0 0.0
OPEN_GRIPPER
CHANGE_BUOYANCY 1.00 -0.28 -1
MOVE 0 -1.75 -0.13 -0.20 0.0 0.0 0.0
HOLD 30.0
MOVE 0 -1.75 -0.13 -0.133 0.0 0.0 0.0
CHANGE_BUOYANCY 0.90 -0.28 -1
MOVE 0 -1.75 -0.13 -0.200 0.0 0.0 0.0
HOLD 30.0
MOVE 0 -1.75 -0.13 -0.133 0.0 0.0 0.0
CHANGE_BUOYANCY 0.80 -0.28 -1
MOVE 0 -1.75 -0.13 -0.200 0.0 0.0 0.0
HOLD 30.0
MOVE 0 -1.75 -0.13 -0.133 0.0 0.0 0.0
CHANGE_BUOYANCY 0.70 -0.28 -1
MOVE 0 -1.75 -0.13 -0.200 0.0 0.0 0.0
HOLD 30.0
MOVE 0 -1.75 -0.13 -0.133 0.0 0.0 0.0
CHANGE_BUOYANCY 0.60 -0.28 -1
MOVE 0 -1.75 -0.13 -0.200 0.0 0.0 0.0
HOLD 30.0
MOVE 0 -1.75 -0.13 -0.133 0.0 0.0 0.0
CHANGE_BUOYANCY 0.50 -0.28 -1
MOVE 0 -1.75 -0.13 -0.200 0.0 0.0 0.0
HOLD 30.0
MOVE 0 -1.75 -0.13 -0.133 0.0 0.0 0.0
CHANGE_BUOYANCY 0.40 -0.28 -1
MOVE 0 -1.75 -0.13 -0.200 0.0 0.0 0.0
HOLD 30.0
MOVE 0 -1.75 -0.13 -0.133 0.0 0.0 0.0
CHANGE_BUOYANCY 0.30 -0.28 -1
MOVE 0 -1.75 -0.13 -0.200 0.0 0.0 0.0
HOLD 30.0
MOVE 0 -1.75 -0.13 -0.133 0.0 0.0 0.0
CHANGE_BUOYANCY 0.20 -0.28 -1
MOVE 0 -1.75 -0.13 -0.200 0.0 0.0 0.0
HOLD 30.0
MOVE 0 -1.75 -0.13 -0.133 0.0 0.0 0.0
CHANGE_BUOYANCY 0.10 -0.28 -1
MOVE 0 -1.75 -0.13 -0.200 0.0 0.0 0.0
HOLD 30.0
MOVE 0 -1.75 -0.13 -0.133 0.0 0.0 0.0
CHANGE_BUOYANCY 0.00 -0.28 -1
MOVE 0 -1.75 -0.13 -0.200 0.0 0.0 0.0
HOLD 30.0
MOVE 0 -1.75 -0.13 -0.133 0.0 0.0 0.0
